# Fitted coefficients --- model 'five_term_hydrogenic', run 'five_term_hydrogenic_f32', Dirac–Fock reference 'zdf'.
# Element-adaptive parameterisation, Lobato 2026. Coefficients in single precision (float32).
# Each element: n_t non-relativistic Lobato terms (type NR).
# a_i in angstrom, b_i in angstrom^2. f_e, f_x, rho, V, V(R) follow in closed form (see paper).
#   Z Sym  n_t term type                        a_i                        b_i
    1   H    5    1   NR             2.64611244e-01             2.76357365e+00
    1   H    5    2   NR            -1.48094012e-04             1.08283007e+00
    1   H    5    3   NR             3.42931453e-04             7.50266850e-01
    1   H    5    4   NR            -4.03783459e-04             6.14818215e-01
    1   H    5    5   NR             1.78088914e-04             5.54068804e-01
    2  He    5    1   NR             1.10782303e-01             1.45423853e+00
    2  He    5    2   NR             7.47865662e-02             1.05458808e+00
    2  He    5    3   NR             2.16364693e-02             5.65635145e-01
    2  He    5    4   NR             2.06481549e-03             2.70506501e-01
    2  He    5    5   NR            -2.94687226e-04             1.95179015e-01
    3  Li    5    1   NR             8.46682262e+00             7.65510607e+00
    3  Li    5    2   NR            -7.06444073e+00             6.64639902e+00
    3  Li    5    3   NR             1.60784438e-01             3.26650786e+00
    3  Li    5    4   NR             7.41301626e-02             4.50533152e-01
    3  Li    5    5   NR             5.78489201e-03             1.90891758e-01
    4  Be    5    1   NR             4.37026691e+00             4.56816769e+00
    4  Be    5    2   NR            -2.64461207e+00             4.05670214e+00
    4  Be    5    3   NR            -2.46116951e-01             1.85433555e+00
    4  Be    5    4   NR             4.38368991e-02             2.45752916e-01
    4  Be    5    5   NR             3.57194664e-03             1.09840915e-01
    5   B    5    1   NR             7.12319791e-01             4.56216145e+00
    5   B    5    2   NR             8.55617881e-01             2.87319946e+00
    5   B    5    3   NR            -2.00378150e-01             1.04700923e+00
    5   B    5    4   NR             2.80102864e-02             1.49920538e-01
    5   B    5    5   NR             2.02535279e-03             6.91453442e-02
    6   C    5    1   NR             6.90065563e-01             3.35679698e+00
    6   C    5    2   NR             6.57247543e-01             1.86712325e+00
    6   C    5    3   NR            -1.28572434e-01             6.32256985e-01
    6   C    5    4   NR             1.95573885e-02             1.00708671e-01
    6   C    5    5   NR             1.22012338e-03             4.69613299e-02
    7   N    5    1   NR             6.17078960e-01             2.57628608e+00
    7   N    5    2   NR             5.60891211e-01             1.33586037e+00
    7   N    5    3   NR            -8.90199393e-02             4.19584155e-01
    7   N    5    4   NR             1.44382985e-02             7.18850940e-02
    7   N    5    5   NR             7.34672300e-04             3.33079323e-02
    8   O    5    1   NR             5.44542313e-01             2.06134152e+00
    8   O    5    2   NR             5.01375556e-01             1.01562095e+00
    8   O    5    3   NR            -6.37898743e-02             2.93059558e-01
    8   O    5    4   NR             1.11540630e-02             5.39344847e-02
    8   O    5    5   NR             4.64801269e-04             2.45859642e-02
    9   F    5    1   NR             4.88787681e-01             1.68409157e+00
    9   F    5    2   NR             4.52175736e-01             7.96428323e-01
    9   F    5    3   NR            -4.83499393e-02             2.15379521e-01
    9   F    5    4   NR             8.88508838e-03             4.19047587e-02
    9   F    5    5   NR             2.99533131e-04             1.86326206e-02
   10  Ne    5    1   NR             4.43089515e-01             1.40750813e+00
   10  Ne    5    2   NR             4.13007498e-01             6.42906010e-01
   10  Ne    5    3   NR            -3.76412570e-02             1.63259372e-01
   10  Ne    5    4   NR             7.27112498e-03             3.35305259e-02
   10  Ne    5    5   NR             2.00271665e-04             1.44652100e-02
   11  Na    5    1   NR             1.19382505e+01             8.68308544e+00
   11  Na    5    2   NR            -1.01072178e+01             7.85567999e+00
   11  Na    5    3   NR             5.93078613e-01             5.94148278e-01
   11  Na    5    4   NR            -3.89896631e-02             1.65177166e-01
   11  Na    5    5   NR             4.75497264e-03             2.34633014e-02
   12  Mg    5    1   NR             6.01786995e+00             5.78364134e+00
   12  Mg    5    2   NR            -3.81572866e+00             4.46213675e+00
   12  Mg    5    3   NR             5.00309765e-01             3.77494007e-01
   12  Mg    5    4   NR            -1.01743072e-01             1.80081546e-01
   12  Mg    5    5   NR             3.97577602e-03             1.95763893e-02
   13  Al    5    1   NR             2.82914901e+00             6.74080467e+00
   13  Al    5    2   NR            -2.69431204e-01             9.02651608e-01
   13  Al    5    3   NR             6.21697128e-01             2.79260188e-01
   13  Al    5    4   NR            -2.36423478e-01             1.80937603e-01
   13  Al    5    5   NR             3.37765692e-03             1.65764503e-02
   14  Si    5    1   NR             2.86807466e+00             4.96763420e+00
   14  Si    5    2   NR            -3.57762754e-01             6.72738910e-01
   14  Si    5    3   NR             6.78844452e-01             2.27290705e-01
   14  Si    5    4   NR            -3.02469730e-01             1.59362629e-01
   14  Si    5    5   NR             2.93936837e-03             1.42653072e-02
   15   P    5    1   NR             2.78771639e+00             3.76294732e+00
   15   P    5    2   NR            -4.23868775e-01             5.18082500e-01
   15   P    5    3   NR             7.67965376e-01             1.88993827e-01
   15   P    5    4   NR            -3.90485227e-01             1.41569704e-01
   15   P    5    5   NR             2.58135353e-03             1.24015352e-02
   16   S    5    1   NR             2.65822983e+00             2.96706200e+00
   16   S    5    2   NR            -5.19925356e-01             3.73253107e-01
   16   S    5    3   NR             1.01253867e+00             1.63580522e-01
   16   S    5    4   NR            -5.67348957e-01             1.29806042e-01
   16   S    5    5   NR             2.27889628e-03             1.08678136e-02
   17  Cl    5    1   NR             2.52076960e+00             2.40218258e+00
   17  Cl    5    2   NR            -6.82235718e-01             2.75461823e-01
   17  Cl    5    3   NR             1.13403594e+00             1.49766430e-01
   17  Cl    5    4   NR            -5.42953670e-01             1.14814259e-01
   17  Cl    5    5   NR             2.03576358e-03             9.61337332e-03
   18  Ar    5    1   NR             2.38584709e+00             1.99327171e+00
   18  Ar    5    2   NR            -1.63012946e+00             1.89719871e-01
   18  Ar    5    3   NR             2.37433672e+00             1.42983273e-01
   18  Ar    5    4   NR            -8.41049492e-01             1.09228775e-01
   18  Ar    5    5   NR             1.81774306e-03             8.54352769e-03
   19   K    5    1   NR             3.33907938e+00             1.60000000e+01
   19   K    5    2   NR             1.09594464e+00             1.24649715e+00
   19   K    5    3   NR             3.73033613e-01             5.16701601e-02
   19   K    5    4   NR            -3.17061692e-01             4.67509441e-02
   19   K    5    5   NR             2.55932729e-03             8.72122310e-03
   20  Ca    5    1   NR             3.75005436e+00             1.17850351e+01
   20  Ca    5    2   NR             1.14767551e+00             1.42358673e+00
   20  Ca    5    3   NR             3.71150196e-01             4.85073850e-02
   20  Ca    5    4   NR            -3.13734651e-01             4.38909866e-02
   20  Ca    5    5   NR             2.22773780e-03             7.76409730e-03
   21  Sc    5    1   NR             3.49905992e+00             1.01702690e+01
   21  Sc    5    2   NR             1.10623813e+00             1.24980366e+00
   21  Sc    5    3   NR             3.26336443e-01             4.17291299e-02
   21  Sc    5    4   NR            -2.77220964e-01             3.77575941e-02
   21  Sc    5    5   NR             2.16852059e-03             7.15629058e-03
   22  Ti    5    1   NR             3.20371795e+00             9.25641632e+00
   22  Ti    5    2   NR             1.14222682e+00             1.15307617e+00
   22  Ti    5    3   NR             2.86048621e-01             3.62161025e-02
   22  Ti    5    4   NR            -2.43998438e-01             3.27696837e-02
   22  Ti    5    5   NR             2.08945922e-03             6.59261551e-03
   23   V    5    1   NR             2.95326829e+00             8.56523800e+00
   23   V    5    2   NR             1.16388452e+00             1.05572772e+00
   23   V    5    3   NR             2.50618637e-01             3.15273404e-02
   23   V    5    4   NR            -2.14721560e-01             2.85260640e-02
   23   V    5    5   NR             2.02983757e-03             6.10275939e-03
   24  Cr    5    1   NR             2.04144096e+00             9.05241585e+00
   24  Cr    5    2   NR             1.41800046e+00             1.06876588e+00
   24  Cr    5    3   NR             2.24760801e-01             2.74626333e-02
   24  Cr    5    4   NR            -1.93768635e-01             2.48490628e-02
   24  Cr    5    5   NR             2.05886387e-03             5.73600177e-03
   25  Mn    5    1   NR             2.57073116e+00             7.47871590e+00
   25  Mn    5    2   NR             1.15610611e+00             8.77760291e-01
   25  Mn    5    3   NR             1.99601188e-01             2.43804622e-02
   25  Mn    5    4   NR            -1.72623470e-01             2.20471863e-02
   25  Mn    5    5   NR             2.00357195e-03             5.33840992e-03
   26  Fe    5    1   NR             2.40326142e+00             7.07158709e+00
   26  Fe    5    2   NR             1.15492105e+00             8.08197320e-01
   26  Fe    5    3   NR             1.80613697e-01             2.14992706e-02
   26  Fe    5    4   NR            -1.57261312e-01             1.94530580e-02
   26  Fe    5    5   NR             2.03071232e-03             5.03317965e-03
   27  Co    5    1   NR             2.27348375e+00             6.67165947e+00
   27  Co    5    2   NR             1.13143647e+00             7.38242447e-01
   27  Co    5    3   NR             1.65170014e-01             1.91384628e-02
   27  Co    5    4   NR            -1.44681737e-01             1.73169021e-02
   27  Co    5    5   NR             2.08022282e-03             4.76965494e-03
   28  Ni    5    1   NR             2.14293361e+00             6.35122490e+00
   28  Ni    5    2   NR             1.12197948e+00             6.82908058e-01
   28  Ni    5    3   NR             1.50184974e-01             1.70980841e-02
   28  Ni    5    4   NR            -1.32291362e-01             1.54697569e-02
   28  Ni    5    5   NR             2.11242912e-03             4.51275706e-03
   29  Cu    5    1   NR             1.49934411e+00             6.98558712e+00
   29  Cu    5    2   NR             1.28360832e+00             6.86925292e-01
   29  Cu    5    3   NR             1.40429959e-01             1.51861589e-02
   29  Cu    5    4   NR            -1.24857590e-01             1.37406234e-02
   29  Cu    5    5   NR             2.32524797e-03             4.36620181e-03
   30  Zn    5    1   NR             1.93578219e+00             5.76323843e+00
   30  Zn    5    2   NR             1.08156073e+00             5.82209587e-01
   30  Zn    5    3   NR             1.28965229e-01             1.36846146e-02
   30  Zn    5    4   NR            -1.15452282e-01             1.23821031e-02
   30  Zn    5    5   NR             2.40747281e-03             4.16162191e-03
   31  Ga    5    1   NR             2.54468560e+00             6.80626678e+00
   31  Ga    5    2   NR             1.01734483e+00             5.29967368e-01
   31  Ga    5    3   NR             1.20817155e-01             1.25128161e-02
   31  Ga    5    4   NR            -1.08684316e-01             1.13219963e-02
   31  Ga    5    5   NR             2.44639814e-03             3.95738380e-03
   32  Ge    5    1   NR             2.84448981e+00             5.39090061e+00
   32  Ge    5    2   NR             8.32957983e-01             4.41869080e-01
   32  Ge    5    3   NR             1.12878710e-01             1.09320814e-02
   32  Ge    5    4   NR            -1.03337221e-01             9.89174005e-03
   32  Ge    5    5   NR             3.02788522e-03             3.92137561e-03
   33  As    5    1   NR             2.96550131e+00             4.33141422e+00
   33  As    5    2   NR             6.99506640e-01             3.81459415e-01
   33  As    5    3   NR             1.00847788e-01             9.87826567e-03
   33  As    5    4   NR            -9.30346921e-02             8.87118094e-03
   33  As    5    5   NR             3.52511345e-03             3.83553421e-03
   34  Se    5    1   NR             3.86887860e+00             3.10063219e+00
   34  Se    5    2   NR            -1.18198156e+01             7.57624567e-01
   34  Se    5    3   NR             1.15457726e+01             6.85519159e-01
   34  Se    5    4   NR             2.10648067e-02             3.31510417e-02
   34  Se    5    5   NR             2.02579366e-04             1.55158283e-03
   35  Br    5    1   NR             4.07586479e+00             2.55269814e+00
   35  Br    5    2   NR            -1.24803534e+01             6.96914434e-01
   35  Br    5    3   NR             1.19203768e+01             6.30585253e-01
   35  Br    5    4   NR             1.93506125e-02             3.07955779e-02
   35  Br    5    5   NR             1.88003163e-04             1.44606724e-03
   36  Kr    5    1   NR             4.23094177e+00             2.15181351e+00
   36  Kr    5    2   NR            -1.28374710e+01             6.39612198e-01
   36  Kr    5    3   NR             1.20378227e+01             5.78734696e-01
   36  Kr    5    4   NR             1.77493412e-02             2.85538342e-02
   36  Kr    5    5   NR             1.73745357e-04             1.34598801e-03
   37  Rb    5    1   NR             4.23747873e+00             1.60000000e+01
   37  Rb    5    2   NR             1.24571955e+00             1.10992861e+00
   37  Rb    5    3   NR             3.90045673e-01             2.85831064e-01
   37  Rb    5    4   NR             1.90686677e-02             2.89247073e-02
   37  Rb    5    5   NR             1.67739548e-04             1.27905491e-03
   38  Sr    5    1   NR             4.77287483e+00             1.26302814e+01
   38  Sr    5    2   NR             1.25005257e+00             1.78046620e+00
   38  Sr    5    3   NR             5.17005324e-01             2.86679417e-01
   38  Sr    5    4   NR             1.61339995e-02             2.57963371e-02
   38  Sr    5    5   NR             1.52865759e-04             1.18438422e-03
   39   Y    5    1   NR             4.55892467e+00             1.04614515e+01
   39   Y    5    2   NR             1.29314506e+00             1.74164844e+00
   39   Y    5    3   NR             4.71184075e-01             2.59603709e-01
   39   Y    5    4   NR             1.45489573e-02             2.37403587e-02
   39   Y    5    5   NR             1.40422591e-04             1.10105064e-03
   40  Zr    5    1   NR             4.27971983e+00             9.17788601e+00
   40  Zr    5    2   NR             1.37533939e+00             1.63429081e+00
   40  Zr    5    3   NR             4.18136597e-01             2.33436704e-01
   40  Zr    5    4   NR             1.33736022e-02             2.21611615e-02
   40  Zr    5    5   NR             1.30749802e-04             1.03085791e-03
   41  Nb    5    1   NR             2.87672830e+00             9.18624783e+00
   41  Nb    5    2   NR             2.12500858e+00             1.86264312e+00
   41  Nb    5    3   NR             3.55481148e-01             2.00380549e-01
   41  Nb    5    4   NR             1.14313746e-02             1.99794434e-02
   41  Nb    5    5   NR             1.19582968e-04             9.57270910e-04
   42  Mo    5    1   NR             2.54416490e+00             8.69941044e+00
   42  Mo    5    2   NR             2.28247499e+00             1.76069677e+00
   42  Mo    5    3   NR             3.12113076e-01             1.79035991e-01
   42  Mo    5    4   NR             1.06007718e-02             1.87795870e-02
   42  Mo    5    5   NR             1.11556634e-04             8.97673774e-04
   43  Tc    5    1   NR             3.23582578e+00             7.57929230e+00
   43  Tc    5    2   NR             1.89381564e+00             1.49862289e+00
   43  Tc    5    3   NR             2.92473853e-01             1.67961746e-01
   43  Tc    5    4   NR             9.85900126e-03             1.75443590e-02
   43  Tc    5    5   NR             1.02523562e-04             8.35587096e-04
   44  Ru    5    1   NR             1.98878765e+00             8.28956413e+00
   44  Ru    5    2   NR             2.53242540e+00             1.57347238e+00
   44  Ru    5    3   NR             2.47946233e-01             1.45657644e-01
   44  Ru    5    4   NR             8.73018708e-03             1.61998644e-02
   44  Ru    5    5   NR             9.54209318e-05             7.83417025e-04
   45  Rh    5    1   NR             1.82870173e+00             8.06099796e+00
   45  Rh    5    2   NR             2.56306672e+00             1.45273435e+00
   45  Rh    5    3   NR             2.18665525e-01             1.31076545e-01
   45  Rh    5    4   NR             8.00480600e-03             1.51692824e-02
   45  Rh    5    5   NR             8.89011208e-05             7.34904956e-04
   46  Pd    5    1   NR             6.20499492e-01             5.42455292e+00
   46  Pd    5    2   NR             2.96013427e+00             1.49845827e+00
   46  Pd    5    3   NR             2.02685997e-01             1.20714374e-01
   46  Pd    5    4   NR             7.25453906e-03             1.40721407e-02
   46  Pd    5    5   NR             8.17507171e-05             6.84830185e-04
   47  Ag    5    1   NR             1.53523767e+00             7.86443758e+00
   47  Ag    5    2   NR             2.61902094e+00             1.27202940e+00
   47  Ag    5    3   NR             1.75217032e-01             1.08437218e-01
   47  Ag    5    4   NR             6.79884478e-03             1.32958107e-02
   47  Ag    5    5   NR             7.56412264e-05             6.39978447e-04
   48  Cd    5    1   NR             2.22278380e+00             6.44526434e+00
   48  Cd    5    2   NR             2.22684574e+00             1.09783626e+00
   48  Cd    5    3   NR             1.62273869e-01             1.01834647e-01
   48  Cd    5    4   NR             6.44992199e-03             1.26178088e-02
   48  Cd    5    5   NR             7.04223785e-05             6.00273779e-04
   49  In    5    1   NR             3.04922676e+00             7.76606894e+00
   49  In    5    2   NR             2.08572102e+00             9.87438262e-01
   49  In    5    3   NR             1.46108627e-01             9.33494046e-02
   49  In    5    4   NR             5.99153340e-03             1.18645057e-02
   49  In    5    5   NR             6.49259673e-05             5.60036453e-04
   50  Sn    5    1   NR             3.64100838e+00             6.29127932e+00
   50  Sn    5    2   NR             1.71654189e+00             8.37184846e-01
   50  Sn    5    3   NR             1.35444611e-01             8.84864479e-02
   50  Sn    5    4   NR             5.80583233e-03             1.13285296e-02
   50  Sn    5    5   NR             5.96606478e-05             5.21323585e-04
   51  Sb    5    1   NR             3.99486279e+00             5.13526535e+00
   51  Sb    5    2   NR             1.41691971e+00             7.19349742e-01
   51  Sb    5    3   NR             1.26587316e-01             8.42868760e-02
   51  Sb    5    4   NR             5.62541233e-03             1.08172614e-02
   51  Sb    5    5   NR             5.47410782e-05             4.84805991e-04
   52  Te    5    1   NR             4.25881481e+00             4.26621008e+00
   52  Te    5    2   NR             1.13614190e+00             6.10211492e-01
   52  Te    5    3   NR             1.19314641e-01             8.06389302e-02
   52  Te    5    4   NR             5.44359023e-03             1.03290081e-02
   52  Te    5    5   NR             5.02178846e-05             4.50719905e-04
   53   I    5    1   NR             4.45908451e+00             3.61888766e+00
   53   I    5    2   NR             8.89874399e-01             5.06846547e-01
   53   I    5    3   NR             1.11202963e-01             7.72950202e-02
   53   I    5    4   NR             5.33624832e-03             9.93513595e-03
   53   I    5    5   NR             4.63740580e-05             4.20559780e-04
   54  Xe    5    1   NR             4.57244539e+00             3.14783072e+00
   54  Xe    5    2   NR             7.16446519e-01             4.33904648e-01
   54  Xe    5    3   NR             1.04318887e-01             7.36857355e-02
   54  Xe    5    4   NR             5.13186492e-03             9.48144589e-03
   54  Xe    5    5   NR             4.26598708e-05             3.91523528e-04
   55  Cs    5    1   NR             6.13367271e+00             1.60000000e+01
   55  Cs    5    2   NR             2.03732085e+00             7.14041889e-01
   55  Cs    5    3   NR             8.36133063e-02             5.65779060e-02
   55  Cs    5    4   NR             3.53978411e-03             7.97600858e-03
   55  Cs    5    5   NR             3.91289213e-05             3.65077460e-04
   56  Ba    5    1   NR             6.61955452e+00             1.39160166e+01
   56  Ba    5    2   NR             2.35272026e+00             1.00780821e+00
   56  Ba    5    3   NR             1.60241395e-01             8.52044374e-02
   56  Ba    5    4   NR             4.87825321e-03             8.62778816e-03
   56  Ba    5    5   NR             3.46807792e-05             3.30647221e-04
   57  La    5    1   NR             6.54073620e+00             1.14631624e+01
   57  La    5    2   NR             2.20911217e+00             9.54238713e-01
   57  La    5    3   NR             1.56982139e-01             8.27592462e-02
   57  La    5    4   NR             4.71610622e-03             8.26318190e-03
   57  La    5    5   NR             3.17945523e-05             3.06765083e-04
   58  Ce    5    1   NR             6.30220795e+00             1.12242107e+01
   58  Ce    5    2   NR             2.24231720e+00             9.33701575e-01
   58  Ce    5    3   NR             1.52762190e-01             7.98541456e-02
   58  Ce    5    4   NR             4.54263715e-03             7.91329518e-03
   58  Ce    5    5   NR             2.92067853e-05             2.84877315e-04
   59  Pr    5    1   NR             5.94552040e+00             1.28666096e+01
   59  Pr    5    2   NR             2.40580368e+00             9.17055786e-01
   59  Pr    5    3   NR             1.41860351e-01             7.48078078e-02
   59  Pr    5    4   NR             4.21449868e-03             7.45439623e-03
   59  Pr    5    5   NR             2.66685292e-05             2.63644411e-04
   60  Nd    5    1   NR             5.77328777e+00             1.25899696e+01
   60  Nd    5    2   NR             2.39557958e+00             8.76206815e-01
   60  Nd    5    3   NR             1.34841651e-01             7.16129914e-02
   60  Nd    5    4   NR             4.06323420e-03             7.14774104e-03
   60  Nd    5    5   NR             2.44735020e-05             2.44500960e-04
   61  Pm    5    1   NR             5.62661743e+00             1.23060894e+01
   61  Pm    5    2   NR             2.36582017e+00             8.38833392e-01
   61  Pm    5    3   NR             1.31843016e-01             6.98437318e-02
   61  Pm    5    4   NR             3.96181177e-03             6.88423915e-03
   61  Pm    5    5   NR             2.24183987e-05             2.26344811e-04
   62  Sm    5    1   NR             5.48158836e+00             1.20564499e+01
   62  Sm    5    2   NR             2.34963036e+00             7.99060464e-01
   62  Sm    5    3   NR             1.23220444e-01             6.57699183e-02
   62  Sm    5    4   NR             3.71071021e-03             6.52126549e-03
   62  Sm    5    5   NR             2.04841454e-05             2.09296064e-04
   63  Eu    5    1   NR             5.31506824e+00             1.18579035e+01
   63  Eu    5    2   NR             2.34501243e+00             7.79810250e-01
   63  Eu    5    3   NR             1.24512859e-01             6.57830685e-02
   63  Eu    5    4   NR             3.74066550e-03             6.38616923e-03
   63  Eu    5    5   NR             1.90088849e-05             1.95223154e-04
   64  Gd    5    1   NR             5.38062620e+00             9.83629036e+00
   64  Gd    5    2   NR             2.16567421e+00             7.11744905e-01
   64  Gd    5    3   NR             1.14081569e-01             6.12309724e-02
   64  Gd    5    4   NR             3.50104179e-03             6.06235769e-03
   64  Gd    5    5   NR             1.75745117e-05             1.81946409e-04
   65  Tb    5    1   NR             5.05892277e+00             1.13994617e+01
   65  Tb    5    2   NR             2.29924631e+00             7.08611250e-01
   65  Tb    5    3   NR             1.09699957e-01             5.88703714e-02
   65  Tb    5    4   NR             3.32099712e-03             5.77053986e-03
   65  Tb    5    5   NR             1.59135325e-05             1.66949423e-04
   66  Dy    5    1   NR             4.95499372e+00             1.11519632e+01
   66  Dy    5    2   NR             2.25549960e+00             6.78494692e-01
   66  Dy    5    3   NR             1.08958788e-01             5.85091487e-02
   66  Dy    5    4   NR             3.36224819e-03             5.67518314e-03
   66  Dy    5    5   NR             1.49350326e-05             1.56879527e-04
   67  Ho    5    1   NR             4.84482861e+00             1.09363899e+01
   67  Ho    5    2   NR             2.23127437e+00             6.46703482e-01
   67  Ho    5    3   NR             1.00903675e-01             5.47176339e-02
   67  Ho    5    4   NR             3.13441153e-03             5.38318465e-03
   67  Ho    5    5   NR             1.39363710e-05             1.47236555e-04
   68  Er    5    1   NR             4.72901487e+00             1.07459936e+01
   68  Er    5    2   NR             2.21126056e+00             6.24844432e-01
   68  Er    5    3   NR             9.92952660e-02             5.37124760e-02
   68  Er    5    4   NR             3.06038326e-03             5.20303985e-03
   68  Er    5    5   NR             1.29548243e-05             1.37598268e-04
   69  Tm    5    1   NR             4.61414766e+00             1.05674219e+01
   69  Tm    5    2   NR             2.19269347e+00             6.07135415e-01
   69  Tm    5    3   NR             9.99365449e-02             5.37450425e-02
   69  Tm    5    4   NR             3.08848475e-03             5.11594070e-03
   69  Tm    5    5   NR             1.23615446e-05             1.31007619e-04
   70  Yb    5    1   NR             4.51705456e+00             1.03678017e+01
   70  Yb    5    2   NR             2.16819930e+00             5.80770731e-01
   70  Yb    5    3   NR             9.33215022e-02             5.07348254e-02
   70  Yb    5    4   NR             2.93240394e-03             4.89418907e-03
   70  Yb    5    5   NR             1.15358662e-05             1.22888770e-04
   71  Lu    5    1   NR             4.70399189e+00             8.55017853e+00
   71  Lu    5    2   NR             1.97330952e+00             5.21060526e-01
   71  Lu    5    3   NR             8.35423321e-02             4.71052825e-02
   71  Lu    5    4   NR             2.76941364e-03             4.66941576e-03
   71  Lu    5    5   NR             1.07245496e-05             1.14978786e-04
   72  Hf    5    1   NR             4.67050600e+00             7.30571222e+00
   72  Hf    5    2   NR             1.86242330e+00             4.93743092e-01
   72  Hf    5    3   NR             8.32520798e-02             4.65756059e-02
   72  Hf    5    4   NR             2.73362920e-03             4.55548847e-03
   72  Hf    5    5   NR             1.06202615e-05             1.12963615e-04
   73  Ta    5    1   NR             4.60826635e+00             6.42474127e+00
   73  Ta    5    2   NR             1.77806687e+00             4.67153847e-01
   73  Ta    5    3   NR             7.95632899e-02             4.49477918e-02
   73  Ta    5    4   NR             2.64525670e-03             4.40621469e-03
   73  Ta    5    5   NR             1.05748986e-05             1.11647663e-04
   74   W    5    1   NR             4.54499674e+00             5.75022125e+00
   74   W    5    2   NR             1.70150483e+00             4.42695379e-01
   74   W    5    3   NR             7.54766390e-02             4.28310819e-02
   74   W    5    4   NR             2.50077015e-03             4.21761675e-03
   74   W    5    5   NR             1.05715271e-05             1.10904868e-04
   75  Re    5    1   NR             4.41498709e+00             5.21090078e+00
   75  Re    5    2   NR             1.66654611e+00             4.35920894e-01
   75  Re    5    3   NR             7.84091800e-02             4.32574376e-02
   75  Re    5    4   NR             2.47601513e-03             4.12250450e-03
   75  Re    5    5   NR             1.08312297e-05             1.12165493e-04
   76  Os    5    1   NR             4.29658699e+00             4.75902414e+00
   76  Os    5    2   NR             1.62520540e+00             4.28425431e-01
   76  Os    5    3   NR             8.24566409e-02             4.41851243e-02
   76  Os    5    4   NR             2.50746915e-03             4.07503871e-03
   76  Os    5    5   NR             1.11526706e-05             1.13711474e-04
   77  Ir    5    1   NR             3.38432360e+00             5.03837633e+00
   77  Ir    5    2   NR             1.98745346e+00             9.62993860e-01
   77  Ir    5    3   NR             4.84839261e-01             1.39667347e-01
   77  Ir    5    4   NR             7.00910063e-03             6.72432408e-03
   77  Ir    5    5   NR             2.10627077e-05             1.72229076e-04
   78  Pt    5    1   NR             2.33095002e+00             4.99244404e+00
   78  Pt    5    2   NR             2.56941032e+00             1.15929818e+00
   78  Pt    5    3   NR             4.99750972e-01             1.37756184e-01
   78  Pt    5    4   NR             6.65710680e-03             6.43645925e-03
   78  Pt    5    5   NR             2.01673120e-05             1.65329155e-04
   79  Au    5    1   NR             2.07798672e+00             4.87777996e+00
   79  Au    5    2   NR             2.73269272e+00             1.15566230e+00
   79  Au    5    3   NR             4.72373992e-01             1.30050257e-01
   79  Au    5    4   NR             6.23393664e-03             6.11873856e-03
   79  Au    5    5   NR             1.91602012e-05             1.57897841e-04
   80  Hg    5    1   NR             2.65193367e+00             4.52476168e+00
   80  Hg    5    2   NR             2.40905213e+00             9.94758427e-01
   80  Hg    5    3   NR             4.19383198e-01             1.18348047e-01
   80  Hg    5    4   NR             5.64356893e-03             5.71575807e-03
   80  Hg    5    5   NR             1.78965911e-05             1.49238578e-04
   81  Tl    5    1   NR             2.94138432e+00             8.12360382e+00
   81  Tl    5    2   NR             2.91058731e+00             1.13156307e+00
   81  Tl    5    3   NR             4.48278427e-01             1.21550806e-01
   81  Tl    5    4   NR             5.73642412e-03             5.67785744e-03
   81  Tl    5    5   NR             1.81849337e-05             1.49133251e-04
   82  Pb    5    1   NR             3.81023049e+00             6.64133072e+00
   82  Pb    5    2   NR             2.43648648e+00             9.17803466e-01
   82  Pb    5    3   NR             3.80810350e-01             1.07642822e-01
   82  Pb    5    4   NR             5.02168899e-03             5.20249270e-03
   82  Pb    5    5   NR             1.62161869e-05             1.36425617e-04
   83  Bi    5    1   NR             4.39835835e+00             5.42266035e+00
   83  Bi    5    2   NR             2.02460885e+00             7.39116371e-01
   83  Bi    5    3   NR             3.17737222e-01             9.45930779e-02
   83  Bi    5    4   NR             4.38754261e-03             4.76742955e-03
   83  Bi    5    5   NR             1.47405726e-05             1.26709579e-04
   84  Po    5    1   NR             4.85162926e+00             4.49584103e+00
   84  Po    5    2   NR             1.66441941e+00             5.72386503e-01
   84  Po    5    3   NR             2.43293941e-01             7.88354278e-02
   84  Po    5    4   NR             3.63424537e-03             4.24277037e-03
   84  Po    5    5   NR             1.27703888e-05             1.13979484e-04
   85  At    5    1   NR             5.20095444e+00             3.86138654e+00
   85  At    5    2   NR             1.39209902e+00             4.35535371e-01
   85  At    5    3   NR             1.66252300e-01             6.10682741e-02
   85  At    5    4   NR             2.74636643e-03             3.56887747e-03
   85  At    5    5   NR             8.88085469e-06             8.68078496e-05
   86  Rn    5    1   NR             5.47314405e+00             3.39241028e+00
   86  Rn    5    2   NR             1.17889988e+00             3.24540466e-01
   86  Rn    5    3   NR             9.43916291e-02             4.24498133e-02
   86  Rn    5    4   NR             1.97442411e-03             2.95918831e-03
   86  Rn    5    5   NR             7.62978289e-06             7.90764389e-05
   87  Fr    5    1   NR             5.61305618e+00             1.60000000e+01
   87  Fr    5    2   NR             3.25888777e+00             1.20504761e+00
   87  Fr    5    3   NR             4.80109841e-01             1.25517666e-01
   87  Fr    5    4   NR             1.08730244e-02             9.35363397e-03
   87  Fr    5    5   NR             1.59398944e-04             5.56837709e-04
   88  Ra    5    1   NR             6.61477613e+00             1.34980946e+01
   88  Ra    5    2   NR             3.10083413e+00             1.31391287e+00
   88  Ra    5    3   NR             5.56562901e-01             1.39802843e-01
   88  Ra    5    4   NR             1.38776312e-02             1.09185847e-02
   88  Ra    5    5   NR             2.00790513e-04             6.22546708e-04
   89  Ac    5    1   NR             7.03666449e+00             1.07549667e+01
   89  Ac    5    2   NR             2.71266890e+00             1.14739168e+00
   89  Ac    5    3   NR             5.16508579e-01             1.31652787e-01
   89  Ac    5    4   NR             1.32246567e-02             1.05711287e-02
   89  Ac    5    5   NR             2.02420619e-04             6.17837417e-04
   90  Th    5    1   NR             7.14138746e+00             8.95910740e+00
   90  Th    5    2   NR             2.45664024e+00             1.07017398e+00
   90  Th    5    3   NR             5.06744266e-01             1.29238680e-01
   90  Th    5    4   NR             1.35042667e-02             1.06994500e-02
   90  Th    5    5   NR             2.13827472e-04             6.28321141e-04
   91  Pa    5    1   NR             6.43755674e+00             1.00226021e+01
   91  Pa    5    2   NR             2.91100311e+00             1.14812601e+00
   91  Pa    5    3   NR             4.86624300e-01             1.23386733e-01
   91  Pa    5    4   NR             1.30056068e-02             1.04739806e-02
   91  Pa    5    5   NR             2.19172478e-04             6.28885871e-04
   92   U    5    1   NR             6.19135857e+00             9.78209686e+00
   92   U    5    2   NR             2.98494720e+00             1.11989963e+00
   92   U    5    3   NR             4.62596178e-01             1.17802463e-01
   92   U    5    4   NR             1.25628924e-02             1.02357138e-02
   92   U    5    5   NR             2.21947994e-04             6.25116576e-04
   93  Np    5    1   NR             5.97340631e+00             9.57506561e+00
   93  Np    5    2   NR             3.04373956e+00             1.08637547e+00
   93  Np    5    3   NR             4.37566191e-01             1.12160005e-01
   93  Np    5    4   NR             1.22301299e-02             1.00860624e-02
   93  Np    5    5   NR             2.27559605e-04             6.25354471e-04
   94  Pu    5    1   NR             5.25805759e+00             1.10113020e+01
   94  Pu    5    2   NR             3.44310999e+00             1.13650227e+00
   94  Pu    5    3   NR             4.24274653e-01             1.08501323e-01
   94  Pu    5    4   NR             1.21395569e-02             1.00552803e-02
   94  Pu    5    5   NR             2.35030282e-04             6.27793139e-04
   95  Am    5    1   NR             5.07536983e+00             1.08025045e+01
   95  Am    5    2   NR             3.46114469e+00             1.08757222e+00
   95  Am    5    3   NR             3.98207068e-01             1.02693141e-01
   95  Am    5    4   NR             1.15470365e-02             9.73785482e-03
   95  Am    5    5   NR             2.34587118e-04             6.18833757e-04
   96  Cm    5    1   NR             5.42386436e+00             9.06410789e+00
   96  Cm    5    2   NR             3.15887618e+00             9.75741684e-01
   96  Cm    5    3   NR             3.66163284e-01             9.58836079e-02
   96  Cm    5    4   NR             1.08217737e-02             9.40813590e-03
   96  Cm    5    5   NR             2.36547305e-04             6.13390934e-04
   97  Bk    5    1   NR             4.74862146e+00             1.04273987e+01
   97  Bk    5    2   NR             3.47999406e+00             1.00025690e+00
   97  Bk    5    3   NR             3.52126539e-01             9.23061445e-02
   97  Bk    5    4   NR             1.06768943e-02             9.35154594e-03
   97  Bk    5    5   NR             2.41990667e-04             6.12218108e-04
   98  Cf    5    1   NR             4.60094452e+00             1.02499552e+01
   98  Cf    5    2   NR             3.48175526e+00             9.62041914e-01
   98  Cf    5    3   NR             3.33384484e-01             8.82859677e-02
   98  Cf    5    4   NR             1.05336159e-02             9.29605402e-03
   98  Cf    5    5   NR             2.46814277e-04             6.09909242e-04
   99  Es    5    1   NR             4.47212124e+00             1.00571508e+01
   99  Es    5    2   NR             3.47326994e+00             9.21397209e-01
   99  Es    5    3   NR             3.12692463e-01             8.35447609e-02
   99  Es    5    4   NR             1.00687332e-02             9.07995738e-03
   99  Es    5    5   NR             2.48510507e-04             6.03502267e-04
  100  Fm    5    1   NR             4.35430145e+00             9.85831642e+00
  100  Fm    5    2   NR             3.45777273e+00             8.82178009e-01
  100  Fm    5    3   NR             2.93359429e-01             7.90951401e-02
  100  Fm    5    4   NR             9.58934799e-03             8.82957410e-03
  100  Fm    5    5   NR             2.47752119e-04             5.93848235e-04
  101  Md    5    1   NR             4.24205828e+00             9.66072178e+00
  101  Md    5    2   NR             3.43832350e+00             8.46195221e-01
  101  Md    5    3   NR             2.76693195e-01             7.55045786e-02
  101  Md    5    4   NR             9.42503568e-03             8.74984264e-03
  101  Md    5    5   NR             2.49720644e-04             5.87485963e-04
  102  No    5    1   NR             4.13508797e+00             9.46359539e+00
  102  No    5    2   NR             3.41656566e+00             8.12307060e-01
  102  No    5    3   NR             2.61076599e-01             7.21972212e-02
  102  No    5    4   NR             9.36351623e-03             8.73770099e-03
  102  No    5    5   NR             2.52976635e-04             5.82622190e-04
  103  Lr    5    1   NR             5.73127651e+00             1.33439388e+01
  103  Lr    5    2   NR             3.41296148e+00             7.95632422e-01
  103  Lr    5    3   NR             2.57400006e-01             7.15012029e-02
  103  Lr    5    4   NR             9.79042985e-03             8.92195385e-03
  103  Lr    5    5   NR             2.56862724e-04             5.78177569e-04
  104  Rf    5    1   NR             4.77537203e+00             6.85707521e+00
  104  Rf    5    2   NR             2.92571878e+00             6.71888828e-01
  104  Rf    5    3   NR             2.14438528e-01             6.17817454e-02
  104  Rf    5    4   NR             8.01819004e-03             8.09551589e-03
  104  Rf    5    5   NR             2.48994969e-04             5.60589309e-04
  105  Db    5    1   NR             4.88391304e+00             5.84812212e+00
  105  Db    5    2   NR             2.72052717e+00             6.21063173e-01
  105  Db    5    3   NR             1.99478999e-01             5.84559925e-02
  105  Db    5    4   NR             7.75500620e-03             7.96723180e-03
  105  Db    5    5   NR             2.48460827e-04             5.51216595e-04
  106  Sg    5    1   NR             4.95137072e+00             5.11835623e+00
  106  Sg    5    2   NR             2.55067253e+00             5.83691478e-01
  106  Sg    5    3   NR             1.91461444e-01             5.68177439e-02
  106  Sg    5    4   NR             7.87527300e-03             8.01866967e-03
  106  Sg    5    5   NR             2.49208329e-04             5.43252390e-04
  107  Bh    5    1   NR             4.94560194e+00             4.48581648e+00
  107  Bh    5    2   NR             2.39966369e+00             5.56782126e-01
  107  Bh    5    3   NR             1.90068617e-01             5.69490716e-02
  107  Bh    5    4   NR             8.46844446e-03             8.23904667e-03
  107  Bh    5    5   NR             2.48456170e-04             5.33318089e-04
  108  Hs    5    1   NR             4.92892694e+00             3.96941018e+00
  108  Hs    5    2   NR             2.26040888e+00             5.32042563e-01
  108  Hs    5    3   NR             1.87926427e-01             5.63727431e-02
  108  Hs    5    4   NR             8.58294405e-03             8.21256731e-03
  108  Hs    5    5   NR             2.44718860e-04             5.20316942e-04
  109  Mt    5    1   NR             4.92083931e+00             3.55535746e+00
  109  Mt    5    2   NR             2.12935519e+00             5.08096874e-01
  109  Mt    5    3   NR             1.85089827e-01             5.59828728e-02
  109  Mt    5    4   NR             8.97885486e-03             8.33719596e-03
  109  Mt    5    5   NR             2.43325238e-04             5.10095968e-04
  110  Ds    5    1   NR             4.91482162e+00             3.21492195e+00
  110  Ds    5    2   NR             2.00789261e+00             4.87105459e-01
  110  Ds    5    3   NR             1.82870120e-01             5.55173457e-02
  110  Ds    5    4   NR             9.24312044e-03             8.36684927e-03
  110  Ds    5    5   NR             2.39105415e-04             4.96781315e-04
  111  Rg    5    1   NR             4.91482067e+00             2.92655253e+00
  111  Rg    5    2   NR             1.89077210e+00             4.66389269e-01
  111  Rg    5    3   NR             1.79648563e-01             5.45575731e-02
  111  Rg    5    4   NR             9.25500598e-03             8.30244739e-03
  111  Rg    5    5   NR             2.34920313e-04             4.83838463e-04
  112  Cn    5    1   NR             4.90130043e+00             2.68416977e+00
  112  Cn    5    2   NR             1.78935397e+00             4.51366246e-01
  112  Cn    5    3   NR             1.80148110e-01             5.49731255e-02
  112  Cn    5    4   NR             9.82736796e-03             8.43533780e-03
  112  Cn    5    5   NR             2.30604855e-04             4.70692350e-04
  113  Nh    5    1   NR             2.63477159e+00             1.04076958e+01
  113  Nh    5    2   NR             4.52683353e+00             1.37373114e+00
  113  Nh    5    3   NR             6.99475408e-01             1.62007242e-01
  113  Nh    5    4   NR             3.79373543e-02             1.58506781e-02
  113  Nh    5    5   NR             2.97948340e-04             5.33386308e-04
  114  Fl    5    1   NR             3.92932987e+00             8.39752769e+00
  114  Fl    5    2   NR             3.94319105e+00             1.06358123e+00
  114  Fl    5    3   NR             5.01255631e-01             1.21031716e-01
  114  Fl    5    4   NR             2.71898098e-02             1.32099148e-02
  114  Fl    5    5   NR             2.63919501e-04             4.90048609e-04
  115  Mc    5    1   NR             4.69864273e+00             6.92601109e+00
  115  Mc    5    2   NR             3.49043870e+00             8.69605720e-01
  115  Mc    5    3   NR             3.80568415e-01             9.53248590e-02
  115  Mc    5    4   NR             2.03929655e-02             1.13290362e-02
  115  Mc    5    5   NR             2.39447909e-04             4.56205511e-04
  116  Lv    5    1   NR             5.23616028e+00             5.66116047e+00
  116  Lv    5    2   NR             3.04708004e+00             7.30314791e-01
  116  Lv    5    3   NR             3.08875829e-01             8.01987275e-02
  116  Lv    5    4   NR             1.66666489e-02             1.01685347e-02
  116  Lv    5    5   NR             2.23016497e-04             4.30877320e-04
  117  Ts    5    1   NR             5.68460417e+00             4.94832659e+00
  117  Ts    5    2   NR             2.70963359e+00             6.30012035e-01
  117  Ts    5    3   NR             2.58399874e-01             6.88552633e-02
  117  Ts    5    4   NR             1.34853460e-02             9.04816762e-03
  117  Ts    5    5   NR             2.05085278e-04             4.03676182e-04
  118  Og    5    1   NR             6.04393387e+00             4.44558764e+00
  118  Og    5    2   NR             2.43446755e+00             5.59379697e-01
  118  Og    5    3   NR             2.28919491e-01             6.21179305e-02
  118  Og    5    4   NR             1.15311071e-02             8.23219307e-03
  118  Og    5    5   NR             1.88476566e-04             3.77636636e-04
